-2.192765325307846069e-01 -4.652492105960845947e-01 -8.575901985168457031e-01
-2.102847099304199219e-01 -3.353250920772552490e-01 -9.183340072631835938e-01
-1.686530709266662598e-01 -6.683605909347534180e-02 -9.834069013595581055e-01
-2.549041211605072021e-01 1.367185860872268677e-01 -9.572522640228271484e-01
-2.375825941562652588e-01 2.359846383333206177e-01 -9.422662854194641113e-01
-9.013557434082031250e-02 -3.529697358608245850e-01 -9.312829375267028809e-01
-7.009496539831161499e-02 -1.874155104160308838e-01 -9.797765612602233887e-01
-6.038508936762809753e-02 8.041492849588394165e-02 -9.949306845664978027e-01
-2.321416884660720825e-02 3.085156977176666260e-01 -9.509359598159790039e-01
-1.416056975722312927e-02 4.215081334114074707e-01 -9.067140221595764160e-01
2.268782854080200195e-01 -3.729273676872253418e-01 -8.996952176094055176e-01
2.592105567455291748e-01 -2.186132222414016724e-01 -9.407539963722229004e-01
2.927009463310241699e-01 1.941932924091815948e-02 -9.560068249702453613e-01
2.982885539531707764e-01 2.954044342041015625e-01 -9.076123833656311035e-01
2.903760373592376709e-01 4.070614278316497803e-01 -8.660154342651367188e-01
3.675798177719116211e-01 -5.526642203330993652e-01 -7.479621767997741699e-01
4.260371625423431396e-01 -4.386219084262847900e-01 -7.912667989730834961e-01
4.997868537902832031e-01 -2.437408566474914551e-01 -8.311458826065063477e-01
4.737680852413177490e-01 -8.728694170713424683e-02 -8.763132095336914062e-01
4.819470942020416260e-01 2.598477341234683990e-02 -8.758149743080139160e-01
