1.654674887657165527e+00 1.654674887657165527e+00 1.654674887657165527e+00 1.654674887657165527e+00 1.654674887657165527e+00 1.654674887657165527e+00 1.654674887657165527e+00 1.654674887657165527e+00 1.654674887657165527e+00
1.671187162399291992e+00 1.671187162399291992e+00 1.671187162399291992e+00 1.671187162399291992e+00 1.671187162399291992e+00 1.671187162399291992e+00 1.671187162399291992e+00 1.671187162399291992e+00 1.671187162399291992e+00
1.671598315238952637e+00 1.671598315238952637e+00 1.671598315238952637e+00 1.671598315238952637e+00 1.671598315238952637e+00 1.671598315238952637e+00 1.671598315238952637e+00 1.671598315238952637e+00 1.671598315238952637e+00
1.700907588005065918e+00 1.700907588005065918e+00 1.700907588005065918e+00 1.700907588005065918e+00 1.700907588005065918e+00 1.700907588005065918e+00 1.700907588005065918e+00 1.700907588005065918e+00 1.700907588005065918e+00
1.662084937095642090e+00 1.662084937095642090e+00 1.662084937095642090e+00 1.662084937095642090e+00 1.662084937095642090e+00 1.662084937095642090e+00 1.662084937095642090e+00 1.662084937095642090e+00 1.662084937095642090e+00
1.671011447906494141e+00 1.671011447906494141e+00 1.671011447906494141e+00 1.671011447906494141e+00 1.671011447906494141e+00 1.671011447906494141e+00 1.671011447906494141e+00 1.671011447906494141e+00 1.671011447906494141e+00
1.626269221305847168e+00 1.626269221305847168e+00 1.626269221305847168e+00 1.626269221305847168e+00 1.626269221305847168e+00 1.626269221305847168e+00 1.626269221305847168e+00 1.626269221305847168e+00 1.626269221305847168e+00
1.645504236221313477e+00 1.645504236221313477e+00 1.645504236221313477e+00 1.645504236221313477e+00 1.645504236221313477e+00 1.645504236221313477e+00 1.645504236221313477e+00 1.645504236221313477e+00 1.645504236221313477e+00
1.641605973243713379e+00 1.641605973243713379e+00 1.641605973243713379e+00 1.641605973243713379e+00 1.641605973243713379e+00 1.641605973243713379e+00 1.641605973243713379e+00 1.641605973243713379e+00 1.641605973243713379e+00
1.674975037574768066e+00 1.674975037574768066e+00 1.674975037574768066e+00 1.674975037574768066e+00 1.674975037574768066e+00 1.674975037574768066e+00 1.674975037574768066e+00 1.674975037574768066e+00 1.674975037574768066e+00
1.674657940864562988e+00 1.674657940864562988e+00 1.674657940864562988e+00 1.674657940864562988e+00 1.674657940864562988e+00 1.674657940864562988e+00 1.674657940864562988e+00 1.674657940864562988e+00 1.674657940864562988e+00
1.683785319328308105e+00 1.683785319328308105e+00 1.683785319328308105e+00 1.683785319328308105e+00 1.683785319328308105e+00 1.683785319328308105e+00 1.683785319328308105e+00 1.683785319328308105e+00 1.683785319328308105e+00
1.600730538368225098e+00 1.600730538368225098e+00 1.600730538368225098e+00 1.600730538368225098e+00 1.600730538368225098e+00 1.600730538368225098e+00 1.600730538368225098e+00 1.600730538368225098e+00 1.600730538368225098e+00
1.700812816619873047e+00 1.700812816619873047e+00 1.700812816619873047e+00 1.700812816619873047e+00 1.700812816619873047e+00 1.700812816619873047e+00 1.700812816619873047e+00 1.700812816619873047e+00 1.700812816619873047e+00
1.692611813545227051e+00 1.692611813545227051e+00 1.692611813545227051e+00 1.692611813545227051e+00 1.692611813545227051e+00 1.692611813545227051e+00 1.692611813545227051e+00 1.692611813545227051e+00 1.692611813545227051e+00
1.703369736671447754e+00 1.703369736671447754e+00 1.703369736671447754e+00 1.703369736671447754e+00 1.703369736671447754e+00 1.703369736671447754e+00 1.703369736671447754e+00 1.703369736671447754e+00 1.703369736671447754e+00
1.639965772628784180e+00 1.639965772628784180e+00 1.639965772628784180e+00 1.639965772628784180e+00 1.639965772628784180e+00 1.639965772628784180e+00 1.639965772628784180e+00 1.639965772628784180e+00 1.639965772628784180e+00
1.728493452072143555e+00 1.728493452072143555e+00 1.728493452072143555e+00 1.728493452072143555e+00 1.728493452072143555e+00 1.728493452072143555e+00 1.728493452072143555e+00 1.728493452072143555e+00 1.728493452072143555e+00
1.587563276290893555e+00 1.587563276290893555e+00 1.587563276290893555e+00 1.587563276290893555e+00 1.587563276290893555e+00 1.587563276290893555e+00 1.587563276290893555e+00 1.587563276290893555e+00 1.587563276290893555e+00
1.594044446945190430e+00 1.594044446945190430e+00 1.594044446945190430e+00 1.594044446945190430e+00 1.594044446945190430e+00 1.594044446945190430e+00 1.594044446945190430e+00 1.594044446945190430e+00 1.594044446945190430e+00
