1.500708699226379395e+00 1.500708699226379395e+00 1.500708699226379395e+00 1.500708699226379395e+00 1.500708699226379395e+00 1.500708699226379395e+00 1.500708699226379395e+00 1.500708699226379395e+00 1.500708699226379395e+00
1.419732689857482910e+00 1.419732689857482910e+00 1.419732689857482910e+00 1.419732689857482910e+00 1.419732689857482910e+00 1.419732689857482910e+00 1.419732689857482910e+00 1.419732689857482910e+00 1.419732689857482910e+00
1.401176810264587402e+00 1.401176810264587402e+00 1.401176810264587402e+00 1.401176810264587402e+00 1.401176810264587402e+00 1.401176810264587402e+00 1.401176810264587402e+00 1.401176810264587402e+00 1.401176810264587402e+00
1.360256433486938477e+00 1.360256433486938477e+00 1.360256433486938477e+00 1.360256433486938477e+00 1.360256433486938477e+00 1.360256433486938477e+00 1.360256433486938477e+00 1.360256433486938477e+00 1.360256433486938477e+00
1.415892958641052246e+00 1.415892958641052246e+00 1.415892958641052246e+00 1.415892958641052246e+00 1.415892958641052246e+00 1.415892958641052246e+00 1.415892958641052246e+00 1.415892958641052246e+00 1.415892958641052246e+00
1.329980850219726562e+00 1.329980850219726562e+00 1.329980850219726562e+00 1.329980850219726562e+00 1.329980850219726562e+00 1.329980850219726562e+00 1.329980850219726562e+00 1.329980850219726562e+00 1.329980850219726562e+00
1.480034589767456055e+00 1.480034589767456055e+00 1.480034589767456055e+00 1.480034589767456055e+00 1.480034589767456055e+00 1.480034589767456055e+00 1.480034589767456055e+00 1.480034589767456055e+00 1.480034589767456055e+00
1.472492218017578125e+00 1.472492218017578125e+00 1.472492218017578125e+00 1.472492218017578125e+00 1.472492218017578125e+00 1.472492218017578125e+00 1.472492218017578125e+00 1.472492218017578125e+00 1.472492218017578125e+00
1.521852612495422363e+00 1.521852612495422363e+00 1.521852612495422363e+00 1.521852612495422363e+00 1.521852612495422363e+00 1.521852612495422363e+00 1.521852612495422363e+00 1.521852612495422363e+00 1.521852612495422363e+00
1.435206413269042969e+00 1.435206413269042969e+00 1.435206413269042969e+00 1.435206413269042969e+00 1.435206413269042969e+00 1.435206413269042969e+00 1.435206413269042969e+00 1.435206413269042969e+00 1.435206413269042969e+00
1.464396119117736816e+00 1.464396119117736816e+00 1.464396119117736816e+00 1.464396119117736816e+00 1.464396119117736816e+00 1.464396119117736816e+00 1.464396119117736816e+00 1.464396119117736816e+00 1.464396119117736816e+00
1.714778900146484375e+00 1.714778900146484375e+00 1.714778900146484375e+00 1.714778900146484375e+00 1.714778900146484375e+00 1.714778900146484375e+00 1.714778900146484375e+00 1.714778900146484375e+00 1.714778900146484375e+00
1.681079387664794922e+00 1.681079387664794922e+00 1.681079387664794922e+00 1.681079387664794922e+00 1.681079387664794922e+00 1.681079387664794922e+00 1.681079387664794922e+00 1.681079387664794922e+00 1.681079387664794922e+00
1.687725305557250977e+00 1.687725305557250977e+00 1.687725305557250977e+00 1.687725305557250977e+00 1.687725305557250977e+00 1.687725305557250977e+00 1.687725305557250977e+00 1.687725305557250977e+00 1.687725305557250977e+00
1.629155158996582031e+00 1.629155158996582031e+00 1.629155158996582031e+00 1.629155158996582031e+00 1.629155158996582031e+00 1.629155158996582031e+00 1.629155158996582031e+00 1.629155158996582031e+00 1.629155158996582031e+00
1.627853631973266602e+00 1.627853631973266602e+00 1.627853631973266602e+00 1.627853631973266602e+00 1.627853631973266602e+00 1.627853631973266602e+00 1.627853631973266602e+00 1.627853631973266602e+00 1.627853631973266602e+00
1.607831001281738281e+00 1.607831001281738281e+00 1.607831001281738281e+00 1.607831001281738281e+00 1.607831001281738281e+00 1.607831001281738281e+00 1.607831001281738281e+00 1.607831001281738281e+00 1.607831001281738281e+00
1.588290333747863770e+00 1.588290333747863770e+00 1.588290333747863770e+00 1.588290333747863770e+00 1.588290333747863770e+00 1.588290333747863770e+00 1.588290333747863770e+00 1.588290333747863770e+00 1.588290333747863770e+00
1.647247910499572754e+00 1.647247910499572754e+00 1.647247910499572754e+00 1.647247910499572754e+00 1.647247910499572754e+00 1.647247910499572754e+00 1.647247910499572754e+00 1.647247910499572754e+00 1.647247910499572754e+00
1.583670496940612793e+00 1.583670496940612793e+00 1.583670496940612793e+00 1.583670496940612793e+00 1.583670496940612793e+00 1.583670496940612793e+00 1.583670496940612793e+00 1.583670496940612793e+00 1.583670496940612793e+00
1.645901918411254883e+00 1.645901918411254883e+00 1.645901918411254883e+00 1.645901918411254883e+00 1.645901918411254883e+00 1.645901918411254883e+00 1.645901918411254883e+00 1.645901918411254883e+00 1.645901918411254883e+00
1.659270763397216797e+00 1.659270763397216797e+00 1.659270763397216797e+00 1.659270763397216797e+00 1.659270763397216797e+00 1.659270763397216797e+00 1.659270763397216797e+00 1.659270763397216797e+00 1.659270763397216797e+00
1.672099232673645020e+00 1.672099232673645020e+00 1.672099232673645020e+00 1.672099232673645020e+00 1.672099232673645020e+00 1.672099232673645020e+00 1.672099232673645020e+00 1.672099232673645020e+00 1.672099232673645020e+00
1.651337504386901855e+00 1.651337504386901855e+00 1.651337504386901855e+00 1.651337504386901855e+00 1.651337504386901855e+00 1.651337504386901855e+00 1.651337504386901855e+00 1.651337504386901855e+00 1.651337504386901855e+00
1.651647448539733887e+00 1.651647448539733887e+00 1.651647448539733887e+00 1.651647448539733887e+00 1.651647448539733887e+00 1.651647448539733887e+00 1.651647448539733887e+00 1.651647448539733887e+00 1.651647448539733887e+00
1.680935978889465332e+00 1.680935978889465332e+00 1.680935978889465332e+00 1.680935978889465332e+00 1.680935978889465332e+00 1.680935978889465332e+00 1.680935978889465332e+00 1.680935978889465332e+00 1.680935978889465332e+00
1.627353191375732422e+00 1.627353191375732422e+00 1.627353191375732422e+00 1.627353191375732422e+00 1.627353191375732422e+00 1.627353191375732422e+00 1.627353191375732422e+00 1.627353191375732422e+00 1.627353191375732422e+00
1.624013543128967285e+00 1.624013543128967285e+00 1.624013543128967285e+00 1.624013543128967285e+00 1.624013543128967285e+00 1.624013543128967285e+00 1.624013543128967285e+00 1.624013543128967285e+00 1.624013543128967285e+00
1.586699247360229492e+00 1.586699247360229492e+00 1.586699247360229492e+00 1.586699247360229492e+00 1.586699247360229492e+00 1.586699247360229492e+00 1.586699247360229492e+00 1.586699247360229492e+00 1.586699247360229492e+00
1.604779720306396484e+00 1.604779720306396484e+00 1.604779720306396484e+00 1.604779720306396484e+00 1.604779720306396484e+00 1.604779720306396484e+00 1.604779720306396484e+00 1.604779720306396484e+00 1.604779720306396484e+00
1.529744386672973633e+00 1.529744386672973633e+00 1.529744386672973633e+00 1.529744386672973633e+00 1.529744386672973633e+00 1.529744386672973633e+00 1.529744386672973633e+00 1.529744386672973633e+00 1.529744386672973633e+00
1.502136349678039551e+00 1.502136349678039551e+00 1.502136349678039551e+00 1.502136349678039551e+00 1.502136349678039551e+00 1.502136349678039551e+00 1.502136349678039551e+00 1.502136349678039551e+00 1.502136349678039551e+00
1.514266729354858398e+00 1.514266729354858398e+00 1.514266729354858398e+00 1.514266729354858398e+00 1.514266729354858398e+00 1.514266729354858398e+00 1.514266729354858398e+00 1.514266729354858398e+00 1.514266729354858398e+00
1.557760119438171387e+00 1.557760119438171387e+00 1.557760119438171387e+00 1.557760119438171387e+00 1.557760119438171387e+00 1.557760119438171387e+00 1.557760119438171387e+00 1.557760119438171387e+00 1.557760119438171387e+00
1.548708915710449219e+00 1.548708915710449219e+00 1.548708915710449219e+00 1.548708915710449219e+00 1.548708915710449219e+00 1.548708915710449219e+00 1.548708915710449219e+00 1.548708915710449219e+00 1.548708915710449219e+00
