5.087951421737670898e-01 1.706558465957641602e-01 -8.438033461570739746e-01
5.276407003402709961e-01 -2.358369231224060059e-01 -8.160736560821533203e-01
1.933199018239974976e-01 -5.442975759506225586e-01 -8.163133859634399414e-01
-1.112295687198638916e-01 -7.334204316139221191e-01 -6.706134080886840820e-01
1.787693612277507782e-02 -6.345723867416381836e-01 -7.726566195487976074e-01
-4.479270428419113159e-02 -7.232031822204589844e-01 -6.891811490058898926e-01
4.813057929277420044e-02 -6.349783539772033691e-01 -7.710291147232055664e-01
2.436749339103698730e-01 -3.643290996551513672e-01 -8.988252878189086914e-01
3.361061215400695801e-01 -1.145697385072708130e-01 -9.348296523094177246e-01
4.331349432468414307e-01 -2.361510396003723145e-01 -8.698430061340332031e-01
5.129609704017639160e-01 -3.002128005027770996e-02 -8.578867912292480469e-01
1.376304924488067627e-01 2.352290600538253784e-01 -9.621461629867553711e-01
1.474597901105880737e-01 2.811160087585449219e-01 -9.482771158218383789e-01
1.601068675518035889e-01 2.339328974485397339e-01 -9.589792490005493164e-01
3.047498166561126709e-01 9.856377542018890381e-02 -9.473187327384948730e-01
3.180536627769470215e-01 -2.756755053997039795e-01 -9.071080088615417480e-01
2.797234654426574707e-01 -4.035395979881286621e-01 -8.711547255516052246e-01
2.835468053817749023e-01 -3.537505865097045898e-01 -8.913258314132690430e-01
4.067825973033905029e-01 -4.421934783458709717e-01 -7.993702888488769531e-01
3.718537688255310059e-01 1.018609404563903809e-01 -9.226858615875244141e-01
3.091501891613006592e-01 1.640129685401916504e-01 -9.367635250091552734e-01
2.546012699604034424e-01 1.361156553030014038e-01 -9.574187994003295898e-01
2.515805661678314209e-01 1.340219080448150635e-01 -9.585120081901550293e-01
2.564693093299865723e-01 -8.614558726549148560e-02 -9.627057909965515137e-01
2.294630408287048340e-01 3.097817068919539452e-03 -9.733124375343322754e-01
1.934247612953186035e-01 1.499148756265640259e-01 -9.695940017700195312e-01
1.878671646118164062e-01 1.893638670444488525e-01 -9.637671709060668945e-01
2.364798039197921753e-01 1.846951395273208618e-01 -9.539208412170410156e-01
3.657772541046142578e-01 1.561123579740524292e-01 -9.175161719322204590e-01
2.578450143337249756e-01 -2.215548790991306305e-02 -9.659322500228881836e-01
3.159962296485900879e-01 -2.090439200401306152e-01 -9.254442453384399414e-01
2.768983542919158936e-01 -3.219255805015563965e-01 -9.053680300712585449e-01
3.214744925498962402e-01 -1.602756828069686890e-01 -9.332555532455444336e-01
4.663650989532470703e-01 -1.030365657061338425e-02 -8.845323324203491211e-01
6.802718043327331543e-01 2.152123004198074341e-01 -7.006525397300720215e-01
